1:
  A: 0.34535917677603406
  C: 0.1715764289252627
  G: 0.21293085579176285
  T: 0.27013353850694044
2:
  AA: 0.13629984488598593
  AC: 0.05976989662583053
  AG: 0.06835920325563563
  AT: 0.08025831231731896
  CA: 0.0663578455683469
  CC: 0.020382895954021533
  CG: 0.04002715374577481
  CT: 0.04500768535421217
  GA: 0.06646336530581379
  GC: 0.046316130098801644
  GG: 0.03745598947616485
  GT: 0.06285459028444604
  TA: 0.07556971864920667
  TC: 0.0453066579437017
  TG: 0.06727938460889109
  TT: 0.08229132592584776
3:
  AAA: 0.052891607418910684
  AAC: 0.024283656775020514
  AAG: 0.031182102775929036
  AAT: 0.027079657859615393
  ACA: 0.023195540483912428
  ACC: 0.007909091229219269
  ACG: 0.014127904724678408
  ACT: 0.014606816749243776
  AGA: 0.023604024269571127
  AGC: 0.018487412713001406
  AGG: 0.010476200537367463
  AGT: 0.0157829683389852
  ATA: 0.012617219000130292
  ATC: 0.0158040968106572
  ATG: 0.021941917831373666
  ATT: 0.029988344126460946
  CAA: 0.026709909605355363
  CAC: 0.009990245688911426
  CAG: 0.01538152737721717
  CAT: 0.014353275089179758
  CCA: 0.01086355585135416
  CCC: 0.002003683396894819
  CCG: 0.003760867957616286
  CCT: 0.003778475017342954
  CGA: 0.009592326139088728
  CGC: 0.0072118516640432145
  CGG: 0.006919574472580526
  CGT: 0.016349915662183908
  CTA: 0.009310613183462041
  CTC: 0.005676516055877765
  CTG: 0.013575043049261031
  CTT: 0.01649781496388792
  GAA: 0.032354732953725124
  GAC: 0.008750708684153998
  GAG: 0.008180239949009955
  GAT: 0.01720209735295464
  GCA: 0.01905788144814545
  GCC: 0.0032925201688869168
  GCG: 0.009821217915535413
  GCT: 0.014198332963585079
  GGA: 0.010564235836000803
  GGC: 0.0064089697405071535
  GGG: 0.003443940882536262
  GGT: 0.017082369346813297
  GTA: 0.02462171232177254
  GTC: 0.005648344760315096
  GTG: 0.013694771055402373
  GTT: 0.01896280332562144
  TAA: 0.024501984315631196
  TAC: 0.016814742038967944
  TAG: 0.013694771055402373
  TAT: 0.020646038235490903
  TCA: 0.01331797997725168
  TCC: 0.007201287428207214
  TCG: 0.012363677340066274
  TCT: 0.012476362522316948
  TGA: 0.022780013874363066
  TGC: 0.014261718378601084
  TGG: 0.016659799913373265
  TGT: 0.013656035524003704
  TTA: 0.029107991140127545
  TTC: 0.01823034964099205
  TTG: 0.018145835754304045
  TTT: 0.016902777337601285