1:
  A: 0.2655135379571534
  C: 0.2636142671414844
  G: 0.2547510033350291
  T: 0.21612119156633317
codons:
  AAA: 0.06630490079701543
  AAC: 0.027878582329998305
  AAG: 0.0052908258436493135
  AAT: 0.009767678480583348
  ACA: 0.0031880617263015092
  ACC: 0.030998812955740206
  ACG: 0.004442937086654231
  ACT: 0.012107851449889774
  AGA: 0.0005765643547566559
  AGC: 0.011327793793454298
  AGG: 0.00013566220111921315
  AGT: 0.0016618619637103612
  ATA: 0.0003052399525182296
  ATC: 0.03517042564015601
  ATG: 0.025097507207054434
  ATT: 0.022519925385789383
  CAA: 0.028489062235034765
  CAC: 0.01360013566220112
  CAG: 0.005663896896727149
  CAT: 0.004782092589452264
  CCA: 0.0024080040698660336
  CCC: 0.00783449211463456
  CCG: 0.015940308631507548
  CCT: 0.012311344751568594
  CGA: 0.000813973206715279
  CGC: 0.0299135153467865
  CGG: 0.0003730710530778362
  CGT: 0.02258775648634899
  CTA: 0.00020349330167881974
  CTC: 0.004069866033576394
  CTG: 0.03293199932168899
  CTT: 0.0016618619637103612
  GAA: 0.06101407495336612
  GAC: 0.036560963201627945
  GAG: 0.013023571307444463
  GAT: 0.020586739019840598
  GCA: 0.02401220959810073
  GCC: 0.04558249957605562
  GCG: 0.019331863659487875
  GCT: 0.020383245718161778
  GGA: 0.0018992708156689842
  GGC: 0.04938104120739359
  GGG: 0.0007461421061556723
  GGT: 0.033271154824487024
  GTA: 0.0206206545701204
  GTC: 0.019433610310327285
  GTG: 0.017771748346616923
  GTT: 0.02618280481600814
  TAA: 0.0027132440223842634
  TAC: 0.018585721553332202
  TAG: 0.00010174665083940987
  TAT: 0.006511785653722232
  TCA: 0.0033237239274207225
  TCC: 0.01526199762591148
  TCG: 0.002238426318467017
  TCT: 0.011633033745972528
  TGA: 0.0006783110055960658
  TGC: 0.005426488044768527
  TGG: 0.006884856706800068
  TGT: 0.0022723418687468203
  TTA: 0.002340172969306427
  TTC: 0.025233169408173647
  TTG: 0.03652704765134814
  TTT: 0.01010683398338138