2:
  AA: 0.08418121898556763
  AC: 0.06270313269442024
  AG: 0.04839198454486912
  AT: 0.05179741656880942
  CA: 0.056411227698018866
  CC: 0.05378991628470776
  CG: 0.08407136633963408
  CT: 0.06150611765597182
  GA: 0.06859729535209667
  GC: 0.08118868138944657
  GG: 0.060718209023069056
  GT: 0.06382059926512368
  TA: 0.03792946702526611
  TC: 0.05809689760975795
  TG: 0.08110155687715444
  TT: 0.045694912686086595
